PID             Arrival time    Phase Length   
1               30              67             
2               41              61             
3               20              26             
4               32              44             
5               18              16             
6               2               70
7               42              38             
8               19              53             
9               14              47             
10              47              14             
11              43              50             
12              9               45             
13              21              27             
14              44              3              
15              22              46             
16              14              39             
17              5               35             
18              46              47             
19              41              45             
20              6               9              
21              32              50             
22              43              44             
23              5               39             
24              11              46             
25              21              69             
26              7               25             
27              24              34             
28              0               30             
29              6               66             
30              9               54             
31              0               36             
32              33              63             
33              4               37             
34              0               54             
35              43              64             
36              2               53             
37              24              48             
38              31              21             
39              2               56             
40              43              9              
41              38              39             
42              41              61             
43              41              44             
44              14              34             
45              34              62             
46              30              43             
47              9               42             
48              26              63             
49              34              19             
50              39              23             
