PID             Arrival time    Phase Length   
1               16              12             
2               18              5              
3               18              12             
4               3               11             
5               13              3              
6               18              1              
7               18              15             
8               8               12             
9               0               7              
10              11              2              
11              0               1              
12              11              14             
13              14              4              
14              13              3              
15              13              7              
16              5               3              
17              4               18             
18              6               4              
19              16              11             
20              2               18             
