PID             Arrival time    Phase Length   
1               890             6              
2               591             2              
3               987             76             
4               610             15             
5               579             90             
6               220             58             
7               50              47             
8               168             24             
9               769             19             
10              71              87             
11              766             95             
12              838             93             
13              482             66             
14              761             22             
15              719             93             
16              504             84             
17              843             15             
18              631             32             
19              778             72             
20              724             69             
21              56              32             
22              970             62             
23              707             10             
24              986             56             
25              182             28             
26              25              57             
27              330             31             
28              420             85             
29              584             93             
30              792             7              
31              394             67             
32              662             47             
33              111             47             
34              851             44             
35              269             44             
36              606             91             
37              56              9              
38              715             99             
39              657             53             
40              876             82             
41              50              98             
42              415             39             
43              221             34             
44              59              39             
45              948             55             
46              444             60             
47              508             98             
48              382             48             
49              763             22             
50              78              44             
51              864             23             
52              995             60             
53              889             20             
54              468             53             
55              79              6              
56              475             25             
57              335             4              
58              31              31             
59              698             60             
60              167             47             
61              827             98             
62              634             5              
63              128             31             
64              532             9              
65              730             56             
66              179             84             
67              23              18             
68              24              27             
69              887             99             
70              960             35             
71              91              54             
72              642             62             
73              593             28             
74              915             26             
75              308             74             
76              325             14             
77              953             38             
78              254             3              
79              804             92             
80              253             50             
81              105             8              
82              719             39             
83              942             66             
84              815             20             
85              285             48             
86              773             33             
87              760             94             
88              469             52             
89              37              50             
90              608             8              
91              609             93             
92              296             91             
93              497             35             
94              852             78             
95              875             74             
96              979             81             
97              187             66             
98              238             50             
99              529             21             
100             502             94             
101             312             37             
102             21              7              
103             58              6              
104             664             27             
105             134             88             
106             217             60             
107             148             76             
108             852             70             
109             855             93             
110             543             12             
111             745             72             
112             196             70             
113             165             92             
114             979             21             
115             741             58             
116             296             92             
117             179             63             
118             949             93             
119             909             27             
120             592             7              
121             234             72             
122             148             44             
123             368             70             
124             85              34             
125             192             2              
126             741             80             
127             826             57             
128             668             87             
129             418             31             
130             724             4              
131             564             29             
132             514             59             
133             931             80             
134             248             88             
135             5               22             
136             576             69             
137             538             23             
138             11              50             
139             371             8              
140             584             80             
141             808             47             
142             520             58             
143             314             74             
144             693             80             
145             399             63             
146             123             69             
147             11              92             
148             527             7              
149             843             97             
150             284             80             
151             421             52             
152             788             64             
153             108             36             
154             843             15             
155             888             77             
156             224             34             
157             618             28             
158             45              58             
159             173             67             
160             437             97             
161             671             80             
162             365             36             
163             942             69             
164             203             58             
165             440             73             
166             523             61             
167             595             12             
168             177             63             
169             100             21             
170             448             67             
171             227             45             
172             697             57             
173             514             15             
174             687             10             
175             542             5              
176             207             68             
177             399             58             
178             710             16             
179             122             34             
180             570             54             
181             541             25             
182             690             74             
183             154             2              
184             682             87             
185             493             85             
186             454             82             
187             432             7              
188             599             22             
189             318             91             
190             204             11             
191             523             7              
192             936             5              
193             234             73             
194             761             15             
195             641             62             
196             785             2              
197             39              62             
198             237             77             
199             926             27             
200             195             82             
201             652             43             
202             904             40             
203             595             6              
204             199             46             
205             71              56             
206             198             46             
207             216             4              
208             259             80             
209             893             61             
210             75              44             
211             985             59             
212             915             84             
213             466             68             
214             256             66             
215             411             99             
216             272             40             
217             780             43             
218             987             73             
219             848             92             
220             820             89             
221             340             95             
222             810             90             
223             951             71             
224             556             36             
225             596             74             
226             449             81             
227             52              72             
228             268             42             
229             529             94             
230             174             34             
231             525             68             
232             606             72             
233             746             54             
234             227             54             
235             859             16             
236             203             10             
237             438             59             
238             468             53             
239             725             22             
240             535             95             
241             842             89             
242             76              44             
243             472             20             
244             352             97             
245             976             2              
246             4               17             
247             529             40             
248             824             48             
249             913             31             
250             644             50             
251             192             54             
252             182             78             
253             204             14             
254             327             53             
255             766             62             
256             888             97             
257             995             48             
258             859             28             
259             39              26             
260             28              4              
261             652             60             
262             614             19             
263             689             37             
264             106             56             
265             990             82             
266             82              45             
267             395             30             
268             699             83             
269             159             40             
270             593             32             
271             358             74             
272             676             71             
273             556             53             
274             984             87             
275             575             32             
276             419             4              
277             417             71             
278             88              45             
279             482             72             
280             496             86             
281             828             67             
282             616             73             
283             80              22             
284             365             58             
285             38              88             
286             132             51             
287             153             87             
288             134             28             
289             649             78             
290             729             39             
291             370             99             
292             650             49             
293             666             17             
294             333             23             
295             8               51             
296             663             12             
297             648             61             
298             963             32             
299             435             8              
300             65              29             
301             67              80             
302             605             71             
303             387             24             
304             323             84             
305             381             21             
306             760             32             
307             942             85             
308             227             80             
309             12              13             
310             19              77             
311             463             29             
312             890             14             
313             509             9              
314             671             54             
315             192             29             
316             225             17             
317             722             4              
318             239             77             
319             825             35             
320             789             84             
321             885             23             
322             9               79             
323             541             50             
324             788             14             
325             802             84             
326             644             64             
327             828             53             
328             165             56             
329             504             99             
330             72              46             
331             563             11             
332             308             82             
333             360             52             
334             656             53             
335             69              99             
336             722             25             
337             228             20             
338             826             60             
339             861             14             
340             544             89             
341             321             76             
342             573             98             
343             553             54             
344             261             29             
345             957             2              
346             665             62             
347             40              31             
348             667             80             
349             200             32             
350             282             31             
351             12              79             
352             470             58             
353             895             86             
354             213             31             
355             737             76             
356             668             90             
357             68              91             
358             809             29             
359             651             91             
360             445             70             
361             287             2              
362             799             52             
363             755             76             
364             691             95             
365             247             98             
366             42              79             
367             315             90             
368             899             36             
369             841             97             
370             55              35             
371             620             8              
372             746             64             
373             664             32             
374             14              62             
375             119             26             
376             945             48             
377             474             87             
378             598             45             
379             761             35             
380             257             88             
381             97              34             
382             468             79             
383             356             55             
384             479             75             
385             935             59             
386             556             24             
387             532             82             
388             528             14             
389             184             81             
390             910             75             
391             127             76             
392             750             78             
393             59              70             
394             778             53             
395             516             61             
396             512             60             
397             849             7              
398             28              42             
399             460             36             
400             141             65             
401             452             85             
402             832             76             
403             780             15             
404             666             78             
405             289             98             
406             118             4              
407             720             26             
408             342             50             
409             462             5              
410             767             41             
411             649             68             
412             925             64             
413             908             99             
414             861             84             
415             832             26             
416             810             67             
417             309             61             
418             14              3              
419             272             78             
420             410             60             
421             558             51             
422             842             53             
423             519             24             
424             943             10             
425             118             84             
426             248             25             
427             572             49             
428             955             70             
429             13              34             
430             284             73             
431             170             47             
432             288             65             
433             165             60             
434             156             24             
435             892             49             
436             534             19             
437             28              28             
438             869             2              
439             278             81             
440             869             26             
441             119             55             
442             530             99             
443             722             29             
444             454             86             
445             32              11             
446             685             36             
447             648             27             
448             885             17             
449             745             51             
450             348             50             
451             4               80             
452             201             33             
453             342             17             
454             948             10             
455             923             33             
456             506             64             
457             263             82             
458             873             93             
459             949             35             
460             282             9              
461             282             57             
462             836             6              
463             676             70             
464             804             85             
465             197             13             
466             530             96             
467             243             84             
468             896             2              
469             993             61             
470             308             8              
471             208             11             
472             764             80             
473             471             62             
474             345             9              
475             243             20             
476             947             11             
477             903             16             
478             724             17             
479             108             80             
480             330             50             
481             851             16             
482             684             66             
483             975             61             
484             413             28             
485             641             34             
486             198             48             
487             619             59             
488             910             32             
489             110             32             
490             285             68             
491             190             34             
492             518             62             
493             2               57             
494             731             8              
495             802             68             
496             130             13             
497             82              41             
498             596             4              
499             923             65             
500             318             73             
501             1               46             
502             401             60             
503             359             93             
504             517             63             
505             541             18             
506             2               31             
507             292             84             
508             854             92             
509             432             44             
510             99              42             
511             276             90             
512             944             97             
513             316             22             
514             663             2              
515             99              91             
516             351             71             
517             685             93             
518             344             26             
519             407             72             
520             683             91             
521             595             23             
522             780             58             
523             143             51             
524             224             27             
525             109             52             
526             865             4              
527             493             31             
528             632             38             
529             38              61             
530             785             87             
531             627             65             
532             594             76             
533             498             51             
534             774             66             
535             673             44             
536             254             80             
537             905             59             
538             895             84             
539             525             20             
540             663             79             
541             371             33             
542             488             38             
543             368             94             
544             239             83             
545             243             48             
546             606             16             
547             975             76             
548             709             49             
549             924             27             
550             512             69             
551             376             46             
552             74              11             
553             462             93             
554             631             54             
555             120             70             
556             590             14             
557             297             66             
558             422             96             
559             899             65             
560             488             83             
561             343             88             
562             538             42             
563             788             6              
564             923             67             
565             406             75             
566             346             9              
567             303             86             
568             937             35             
569             748             31             
570             375             71             
571             326             66             
572             932             84             
573             881             16             
574             789             22             
575             297             33             
576             351             94             
577             471             85             
578             368             71             
579             772             50             
580             329             55             
581             21              87             
582             7               82             
583             524             3              
584             233             3              
585             831             48             
586             716             25             
587             506             97             
588             154             75             
589             399             67             
590             466             75             
591             30              98             
592             752             21             
593             231             90             
594             781             11             
595             76              75             
596             937             36             
597             628             73             
598             293             19             
599             98              32             
600             221             15             
601             772             79             
602             138             32             
603             575             23             
604             982             39             
605             768             37             
606             808             45             
607             829             25             
608             344             83             
609             90              57             
610             741             76             
611             832             73             
612             153             52             
613             360             63             
614             966             18             
615             357             99             
616             2               62             
617             679             68             
618             549             56             
619             35              64             
620             899             58             
621             432             71             
622             21              20             
623             828             22             
624             770             28             
625             741             34             
626             915             46             
627             244             51             
628             4               55             
629             716             45             
630             455             44             
631             889             11             
632             882             59             
633             195             89             
634             168             52             
635             33              34             
636             46              6              
637             474             18             
638             395             45             
639             662             13             
640             242             41             
641             635             36             
642             485             12             
643             381             16             
644             919             65             
645             277             40             
646             979             3              
647             625             29             
648             27              60             
649             820             53             
650             785             41             
651             580             52             
652             609             58             
653             34              30             
654             431             64             
655             239             25             
656             365             63             
657             137             88             
658             821             33             
659             157             83             
660             429             50             
661             502             6              
662             824             97             
663             451             72             
664             504             26             
665             479             26             
666             242             84             
667             986             94             
668             370             75             
669             893             70             
670             69              19             
671             347             2              
672             270             50             
673             19              84             
674             552             42             
675             193             17             
676             882             53             
677             500             7              
678             984             15             
679             98              29             
680             614             34             
681             160             90             
682             128             79             
683             958             33             
684             92              69             
685             991             58             
686             561             40             
687             406             84             
688             537             97             
689             939             89             
690             18              47             
691             805             65             
692             394             55             
693             290             59             
694             128             19             
695             322             60             
696             24              73             
697             802             11             
698             398             27             
699             812             88             
700             12              15             
701             187             15             
702             510             72             
703             356             50             
704             947             91             
705             960             74             
706             942             18             
707             294             6              
708             738             16             
709             685             20             
710             60              43             
711             775             88             
712             74              3              
713             610             87             
714             610             77             
715             944             96             
716             709             33             
717             662             83             
718             90              40             
719             617             95             
720             310             48             
721             108             37             
722             201             25             
723             110             84             
724             469             45             
725             961             55             
726             848             25             
727             933             17             
728             296             12             
729             315             6              
730             270             29             
731             982             24             
732             651             24             
733             371             65             
734             127             23             
735             17              33             
736             264             47             
737             387             99             
738             103             99             
739             43              66             
740             175             48             
741             793             36             
742             679             69             
743             888             95             
744             47              11             
745             810             87             
746             671             63             
747             386             31             
748             66              69             
749             919             2              
750             129             69             
751             680             96             
752             717             93             
753             602             86             
754             228             7              
755             575             49             
756             780             92             
757             41              91             
758             862             24             
759             901             42             
760             466             56             
761             82              82             
762             24              49             
763             264             89             
764             967             55             
765             357             54             
766             366             99             
767             106             84             
768             551             78             
769             749             7              
770             316             56             
771             248             89             
772             209             32             
773             150             20             
774             497             5              
775             294             60             
776             381             51             
777             872             61             
778             23              47             
779             860             69             
780             373             80             
781             994             23             
782             344             44             
783             747             82             
784             172             33             
785             799             92             
786             66              68             
787             800             49             
788             457             5              
789             636             75             
790             404             75             
791             632             78             
792             5               52             
793             575             44             
794             870             70             
795             554             24             
796             576             5              
797             369             16             
798             348             90             
799             424             43             
800             471             95             
801             180             11             
802             804             7              
803             245             5              
804             25              20             
805             598             33             
806             426             67             
807             831             94             
808             572             18             
809             276             55             
810             90              33             
811             366             58             
812             716             65             
813             703             15             
814             502             65             
815             51              99             
816             525             79             
817             114             57             
818             67              67             
819             665             83             
820             163             23             
821             617             56             
822             881             48             
823             199             41             
824             960             6              
825             674             45             
826             231             92             
827             140             6              
828             582             50             
829             807             72             
830             170             66             
831             337             92             
832             768             10             
833             642             90             
834             758             79             
835             482             88             
836             725             20             
837             80              25             
838             435             63             
839             61              16             
840             821             83             
841             734             12             
842             809             90             
843             584             54             
844             481             63             
845             766             49             
846             364             31             
847             310             83             
848             606             88             
849             354             8              
850             40              93             
851             19              35             
852             770             62             
853             431             87             
854             837             11             
855             67              62             
856             117             31             
857             44              4              
858             315             26             
859             174             46             
860             689             25             
861             136             86             
862             247             2              
863             999             56             
864             738             95             
865             670             63             
866             628             5              
867             311             46             
868             647             82             
869             964             97             
870             962             48             
871             390             38             
872             350             71             
873             671             45             
874             243             19             
875             267             31             
876             211             75             
877             504             41             
878             648             23             
879             702             11             
880             569             68             
881             761             97             
882             583             22             
883             684             10             
884             718             11             
885             472             87             
886             824             76             
887             139             22             
888             771             62             
889             659             91             
890             171             97             
891             945             76             
892             578             81             
893             626             90             
894             499             14             
895             712             72             
896             150             2              
897             280             44             
898             501             78             
899             509             36             
900             101             14             
901             810             14             
902             489             24             
903             876             53             
904             289             34             
905             205             18             
906             743             6              
907             909             19             
908             794             31             
909             627             8              
910             915             94             
911             978             52             
912             797             6              
913             535             88             
914             858             5              
915             382             23             
916             864             21             
917             651             28             
918             722             10             
919             254             8              
920             715             72             
921             361             66             
922             485             80             
923             339             32             
924             839             30             
925             367             3              
926             574             75             
927             270             27             
928             834             85             
929             600             38             
930             977             76             
931             890             76             
932             697             9              
933             458             40             
934             775             10             
935             342             53             
936             757             25             
937             402             10             
938             263             68             
939             320             41             
940             854             98             
941             521             83             
942             598             53             
943             18              74             
944             122             33             
945             106             24             
946             983             59             
947             447             70             
948             366             45             
949             353             35             
950             843             51             
951             822             57             
952             187             6              
953             797             92             
954             2               74             
955             534             49             
956             234             31             
957             238             69             
958             40              19             
959             144             24             
960             896             26             
961             895             28             
962             432             24             
963             952             49             
964             906             67             
965             732             47             
966             900             43             
967             948             38             
968             625             91             
969             893             22             
970             226             18             
971             818             31             
972             111             77             
973             505             98             
974             407             38             
975             422             54             
976             616             85             
977             787             55             
978             224             54             
979             985             96             
980             250             19             
981             424             91             
982             20              32             
983             194             67             
984             36              20             
985             206             53             
986             259             89             
987             929             57             
988             394             17             
989             39              56             
990             305             6              
991             54              58             
992             15              88             
993             315             70             
994             603             43             
995             70              55             
996             728             38             
997             945             54             
998             384             67             
999             782             56             
1000            136             31             
